1 1.00 0.00 0.00
2 2.00 0.00 0.00
3 3.00 0.00 0.00
4 3.00 1.00 0.00
5 3.00 2.00 0.00
6 4.00 2.00 0.00
7 5.00 2.00 0.00
8 6.00 2.00 0.00
9 6.00 3.00 0.00
10 7.00 3.00 0.00
11 8.00 3.00 0.00
12 8.00 4.00 0.00
13 9.00 4.00 0.00
14 9.00 5.00 0.00
15 9.00 6.00 0.00
16 10.00 6.00 0.00
17 11.00 6.00 0.00
18 11.00 6.00 1.00
19 12.00 6.00 1.00
20 12.00 6.00 2.00
21 12.00 6.00 3.00
22 12.00 7.00 3.00
23 13.00 7.00 3.00
24 14.00 7.00 3.00
25 15.00 7.00 3.00
26 16.00 7.00 3.00
27 17.00 7.00 3.00
28 17.00 8.00 3.00
29 18.00 8.00 3.00
30 19.00 8.00 3.00
31 20.00 8.00 3.00
32 21.00 8.00 3.00
33 21.00 9.00 3.00
34 21.00 10.00 3.00
35 21.00 10.00 4.00
36 21.00 10.00 5.00
37 22.00 10.00 5.00
38 22.00 10.00 6.00
39 23.00 10.00 6.00
40 23.00 11.00 6.00
41 24.00 11.00 6.00
42 24.00 11.00 7.00
43 24.00 12.00 7.00
44 24.00 12.00 8.00
45 25.00 12.00 8.00
46 25.00 13.00 8.00
47 25.00 14.00 8.00
48 26.00 14.00 8.00
49 27.00 14.00 8.00
50 27.00 14.00 9.00
51 27.00 14.00 10.00
52 28.00 14.00 10.00
53 29.00 14.00 10.00
54 30.00 14.00 10.00
55 31.00 14.00 10.00
56 31.00 15.00 10.00
57 32.00 15.00 10.00
58 33.00 15.00 10.00
59 34.00 15.00 10.00
60 34.00 16.00 10.00
61 34.00 16.00 11.00
62 35.00 16.00 11.00
63 36.00 16.00 11.00
64 37.00 16.00 11.00
65 38.00 16.00 11.00
66 38.00 17.00 11.00
67 39.00 17.00 11.00
68 40.00 17.00 11.00
69 41.00 17.00 11.00
70 42.00 17.00 11.00
71 42.00 18.00 11.00
72 42.00 19.00 11.00
73 43.00 19.00 11.00
74 43.00 20.00 11.00
75 43.00 21.00 11.00
76 43.00 22.00 11.00
77 44.00 22.00 11.00
78 45.00 22.00 11.00
79 45.00 23.00 11.00
80 45.00 24.00 11.00
81 46.00 24.00 11.00
82 47.00 24.00 11.00
83 48.00 24.00 11.00
84 48.00 25.00 11.00
85 48.00 26.00 11.00
86 49.00 26.00 11.00
87 50.00 26.00 11.00
88 51.00 26.00 11.00
89 51.00 27.00 11.00
90 51.00 28.00 11.00
91 51.00 29.00 11.00
92 52.00 29.00 11.00
93 52.00 30.00 11.00
94 52.00 31.00 11.00
95 52.00 32.00 11.00
96 53.00 32.00 11.00
97 53.00 32.00 12.00
98 53.00 33.00 12.00
99 54.00 33.00 12.00
100 54.00 33.00 13.00
